03 00 04 00 0B 00 00 00 68 D5 24 00 03 1B 00 00 00 68 00 8F 01 00 00 00 00 00 00 00 00 62 E9 87 41 00 00 A0 41 01 00 00 00 24 01 00

name
03 00 04 00 0B 00 00 00 68 D5 24 00 03 1B 00 00 00 68 00 8F 01 00 00 00 00 00 00 00 00 64 E9 87 41 00 00 A0 41 01 00 00 00 24 01 01 07 00 00 00 75 6E 6B 6F 77 6E 32 00

code
32 00 40 00 0B 00 00 00 68 D5 24 00 03 1B 00 00 00 68 00 8F 01 00 00 00 00 00 00 00 00 64 E9 87 41 00 00 A0 41 01 00 00 00 24 01 00

cur
03 00 04 00 0B 00 00 00 68 D5 24 00 03 1B 00 00 00 68 00 8F 01 00 00 00 00 00 00 00 00 00 00 A0 41 00 00 A0 41 01 00 00 00 24 01 00

max
03 00 04 00 0B 00 00 00 68 D5 24 00 03 1B 00 00 00 68 00 8F 01 00 00 00 00 00 00 00 00 00 00 A0 41 00 00 C8 41 01 00 00 00 24 01 00

effect add
03 00 04 00 0B 00 00 00 68 D5 24 00 03 1B 00 00 00 68 00 8F 01 01 00 00 00 81 CB 1C 00 FF FF FF FF 00 00 00 00 62 E9 87 41 00 00 A0 41 01 00 00 00 24 01 00

03 00 04 00 0B 00 00 00 68 D5 24 00 03 1B 00 00 00 68 00 8F 01 03 00 00 00 81 CB 1C 00 FF FF FF FF 81 CB 1C 00 FF FF FF FF 81 CB 1C 00 FF FF FF FF 00 00 00 00 62 E9 87 41 00 00 A0 41 01 00 00 00 24 01 00

effect del
03 00 04 00 0B 00 00 00 68 D5 24 00 03 1B 00 00 00 68 00 8F 01 00 00 00 00 00 00 00 00 62 E9 87 41 00 00 A0 41 01 00 00 00 24 01 00
